x:
23  24  25  26  27  28  29  30  31  32  33  34  35  36  37  38  39  40  41  42  43  44  45  46
Input:
2643 13 -25 -301 -300 77 -97 103 -294 -95 -109 -18 -193 -119 -294 -216 -84 -78 81 -89 -299 -7 -199 -99 -32992
13 3925 -324 -123 -217 -109 0 -326 -102 20 -200 -200 -326 94 -319 -225 -225 146 -336 -335 -330 -307 112 -305 -47260
-25 -324 1469 81 90 -76 -88 87 -2 -207 58 -22 85 -92 -8 -102 1 -211 -84 -303 83 -277 -191 59 -18260
-301 -123 81 2055 113 0 -98 -1 -4 -205 -93 -111 -5 -19 92 -202 -195 -307 -91 96 0 -211 -287 -183 -23100
-300 -217 90 113 2867 -20 14 2 -306 -317 112 -113 -291 74 -70 -105 15 -328 -108 -216 -293 -95 -209 -298 -29409
77 -109 -76 0 -20 1971 -196 112 89 -109 -197 -183 -8 -269 52 -313 -3 0 -271 -100 80 -307 -201 -18 -19176
-97 0 -88 -98 14 -196 1959 -24 -195 -289 -4 72 -196 78 92 -92 -103 -207 -98 -319 -188 2 -86 64 -11754
103 -326 87 -1 2 112 -24 2455 -111 -316 -284 -276 105 -297 -309 -327 114 0 -196 20 -96 -226 -114 -94 -16623
-294 -102 -2 -4 -306 89 -195 -111 2545 103 67 77 -93 -185 -178 -208 -292 -86 -106 -312 -89 -207 -197 87 -11580
-95 20 -207 -205 -317 -109 -289 -316 103 2653 -295 98 -97 66 -108 19 101 -95 -204 -118 -304 105 -302 -103 -4250
-109 -200 58 -93 112 -197 -4 -284 67 -295 1987 -256 -292 68 91 -303 -27 -13 83 -108 -184 95 75 -270 -1301
-18 -200 -22 -111 -113 -183 72 -276 77 98 -256 1709 -8 -171 70 -89 85 -124 -104 -212 -281 -2 71 -11 641
-193 -326 85 -5 -291 -8 -196 105 -93 -97 -292 -8 2343 -36 -183 7 111 -217 -20 -318 21 -199 -17 -172 2369
-119 94 -92 -19 74 -269 78 -297 -185 66 68 -171 -36 1401 83 16 -288 -111 -87 -317 71 90 -93 44 2504
-294 -319 -8 92 -70 52 92 -309 -178 -108 91 70 -183 83 2075 15 -294 -316 84 -322 15 14 -104 -177 5328
-216 -225 -102 -202 -105 -313 -92 -327 -208 19 -303 -89 7 16 15 3185 -209 -337 -94 -351 15 124 -203 -4 17849
-84 -225 1 -195 15 -3 -103 114 -292 101 -27 85 111 -288 -294 -209 2753 -316 -206 -214 -216 -100 -199 -208 4335
-78 146 -211 -307 -328 0 -207 0 -86 -95 -13 -124 -217 -111 -316 -337 -316 3299 -102 27 -109 -111 -301 -102 15934
81 -336 -84 -91 -108 -271 -98 -196 -106 -204 83 -104 -20 -87 84 -94 -206 -102 2053 108 86 -94 -282 -11 18161
-89 -335 -303 96 -216 -100 -319 20 -312 -118 -108 -212 -318 -317 -322 -351 -214 27 108 3805 -313 -330 116 106 34626
-299 -330 83 0 -293 80 -188 -96 -89 -304 -184 -281 21 71 15 15 -216 -109 86 -313 2353 -109 -11 99 27616
-7 -307 -277 -211 -95 -307 2 -226 -207 105 95 -2 -199 90 14 124 -100 -111 -94 -330 -109 2445 -6 -286 27105
-199 112 -191 -287 -209 -201 -86 -114 -197 -302 75 71 -17 -93 -104 -203 -199 -301 -282 116 -11 -6 2547 82 33461
-99 -305 59 -183 -298 -18 64 -94 87 -103 -270 -11 -172 44 -177 -4 -208 -102 -11 106 99 -286 82 1801 26604

LDLT:
2643 0 0 0 0 0 0 0 0 0 0 0 0 0 0 0 0 0 0 0 0 0 0 0 -32992
0.0049187 3924.9 0 0 0 0 0 0 0 0 0 0 0 0 0 0 0 0 0 0 0 0 0 0 -47260
-0.0094589 -0.082518 1442 0 0 0 0 0 0 0 0 0 0 0 0 0 0 0 0 0 0 0 0 0 -18260
-0.11389 -0.030961 0.047242 2013.7 0 0 0 0 0 0 0 0 0 0 0 0 0 0 0 0 0 0 0 0 -23100
-0.11351 -0.054912 0.048111 0.034207 2815.4 0 0 0 0 0 0 0 0 0 0 0 0 0 0 0 0 0 0 0 -29409
0.029134 -0.027868 -0.058457 0.0046506 -0.004806 1960.7 0 0 0 0 0 0 0 0 0 0 0 0 0 0 0 0 0 0 -19176
-0.036701 0.00012156 -0.061634 -0.052059 0.0038637 -0.10089 1924.5 0 0 0 0 0 0 0 0 0 0 0 0 0 0 0 0 0 -11754
0.038971 -0.083188 0.042323 -0.0011233 -0.0025206 0.05276 -0.0031552 2415.7 0 0 0 0 0 0 0 0 0 0 0 0 0 0 0 0 -16623
-0.11124 -0.025619 -0.0090694 -0.019853 -0.12179 0.047196 -0.10289 -0.047095 2436.9 0 0 0 0 0 0 0 0 0 0 0 0 0 0 0 -11580
-0.035944 0.0052147 -0.143 -0.10202 -0.11001 -0.060311 -0.16972 -0.12322 0.0029728 2465.7 0 0 0 0 0 0 0 0 0 0 0 0 0 0 -4250
-0.041241 -0.05082 0.028092 -0.056364 0.032183 -0.099992 -0.016377 -0.1191 0.021082 -0.14052 1857.8 0 0 0 0 0 0 0 0 0 0 0 0 0 -1301
-0.0068104 -0.050934 -0.026814 -0.058306 -0.042674 -0.097078 0.02293 -0.11613 0.021696 0.011743 -0.17082 1577.9 0 0 0 0 0 0 0 0 0 0 0 0 641
-0.073023 -0.082817 0.039078 -0.019718 -0.11796 -0.0048723 -0.10461 0.033978 -0.073829 -0.064429 -0.17366 -0.048776 2152.6 0 0 0 0 0 0 0 0 0 0 0 2369
-0.045025 0.024099 -0.059167 -0.012709 0.0251 -0.1364 0.020668 -0.11032 -0.075638 0.005079 0.007749 -0.13896 -0.016155 1274.4 0 0 0 0 0 0 0 0 0 0 2504
-0.11124 -0.080907 -0.025648 0.025044 -0.04289 0.024858 0.045195 -0.13451 -0.099114 -0.061629 0.011757 0.015448 -0.11374 0.023281 1897.9 0 0 0 0 0 0 0 0 0 5328 
-0.081725 -0.057055 -0.084964 -0.1131 -0.04551 -0.16304 -0.078495 -0.1309 -0.11258 -0.050904 -0.22205 -0.15922 -0.074785 -0.098126 -0.052392 2808.8 0 0 0 0 0 0 0 0 17849
-0.031782 -0.057221 -0.012709 -0.10461 0.00043351 -0.0035178 -0.061757 0.041032 -0.13071 0.027476 -0.015003 0.04765 0.021747 -0.22814 -0.1654 -0.11378 2500.7 0 0 0 0 0 0 0 4335
-0.029512 0.037296 -0.13846 -0.14993 -0.10971 -0.0027542 -0.12328 0.0091425 -0.065437 -0.092994 -0.022015 -0.092886 -0.14473 -0.12187 -0.19433 -0.19108 -0.20737 2762.9 0 0 0 0 0 0 15934
0.030647 -0.085708 -0.076969 -0.043177 -0.038703 -0.14757 -0.070213 -0.086092 -0.054024 -0.12235 -0.013222 -0.11421 -0.047786 -0.13712 0.0050454 -0.1084 -0.12211 -0.12767 1725.9 0 0 0 0 0 18161
-0.033674 -0.08524 -0.22985 0.045271 -0.082277 -0.065102 -0.18181 0.0061322 -0.15969 -0.10023 -0.080753 -0.16479 -0.22572 -0.3179 -0.23846 -0.24316 -0.20857 -0.21232 -0.21013 2638.2 0 0 0 0 34626
-0.11313 -0.083703 0.036797 -0.023206 -0.12287 0.041421 -0.097981 -0.049561 -0.082943 -0.15798 -0.14303 -0.22432 -0.088512 0.011719 -0.065448 -0.085149 -0.11911 -0.14863 -0.10403 -0.3251 1583.1 0 0 0 27616
-0.0026485 -0.078209 -0.2097 -0.1028 -0.032329 -0.16959 -0.031608 -0.091722 -0.09626 -0.010143 0.010585 -0.056795 -0.11534 -0.018776 -0.046472 -0.035048 -0.076116 -0.11903 -0.19964 -0.30288 -0.37094 1607.7 0 0 27105
-0.075293 0.028785 -0.12729 -0.14773 -0.073302 -0.10323 -0.072611 -0.03299 -0.10568 -0.17602 -0.010772 0.016409 -0.049845 -0.12783 -0.096595 -0.14628 -0.14935 -0.25445 -0.35835 -0.23637 -0.38938 -0.52154 923.41 0 33461
-0.037457 -0.077584 0.02284 -0.10193 -0.11385 -0.011354 0.026365 -0.048255 0.010732 -0.066364 -0.17794 -0.078534 -0.14424 0.016052 -0.14506 -0.07602 -0.11645 -0.13649 -0.12584 -0.13314 -0.2357 -0.47341 -0.98499 23.677 26604

y = (
-32992, -47098, -22458, -27255, -33727, -20876, -17738, -17375, -22967, -21235, -11822, -10522, -14576, -6307.9, -9303.4, -11294, -9026.7, -9695.9, -5173, -5453.2, -2668.1, -2003.8, -285.88, 1089.1)
x*: (23.00040435791015625, 24.0004024505615234375, 25.0004062652587890625, 26.0004062652587890625, 27.000400543212890625, 28.0004024505615234375, 29.000400543212890625, 30.000396728515625, 31.0004119873046875, 32.000408172607421875, 33.000396728515625, 34.000400543212890625, 35.00040435791015625, 36.000408172607421875, 37.000408172607421875, 38.000396728515625, 39.000400543212890625, 40.000400543212890625, 41.0004119873046875, 42.000408172607421875, 43.0004119873046875, 44.000396728515625, 45.000408172607421875, 46.000400543212890625)
Relative error in norms: 8.95616813068045303225517273e-06
Для продолжения нажмите любую клавишу . . .